118
17814
25399
7134
31708
7492
24187
8077
22124
32566
32285
31641
31847
22305
19413
22095
3301
32254
32049
31053
23427
31458
18315
8073
29998
24825
10920
2111
17116
11129
26605
13366
14751
15925
4495
4535
25121
17217
30118
15900
23582
4694
13754
2398
4375
24925
24920
25815
25919
26714
21779
29892
3334
7212
29462
31924
21279
18202
43
5136
21596
27205
4768
8330
4242
22585
22190
17100
11802
22363
20424
4704
31617
18542
18786
7604
12717
9849
9375
15606
9543
12837
11838
23863
18702
13715
20889
8717
11629
26433
12570
22309
14473
11386
25692
8400
20062
3546
23019
24551
29123
26103
5085
20438
10243
25202
3477
8158
6004
23189
28632
32211
11839
17560
31651
15729
9436
7796
8254
20983
2949
17841
5396
18831
1282
23458
30946
713
10428
25971
21341
2737
13421
21300
9695
5852
14355
20458
6783
29927
29439
9030
9758
4390
16801
31715
22512
4730
20296
17783
2665
12530
10811
6682
19493
3717
26376
24242
28148
9935
17867
6557
14659
27590
21488
25257
7162
10250
21858
11233
2872
27512
9442
15192
30762
17334
26282
28848
30064
5025
1490
19677
15878
4366
1147
15998
15703
12850
23653
6699
7593
18518
1912
13857
12081
24762
25697
5833
15659
24427
14838
4951
786
12403
29683
18981
32174
31422
23719
6816
23178
6094
6076
25277
4353
5757
1372
6427
10580
13740
26115
31701
30826
24459
19030
30236
29741
7279
2709
24406
9522
2497
27540
10223
32710
30977
9057
20148
17992
28579
12937
21842
4742
414
16197
5128
30178
8777
9479
17403
6382
3599
25640
1825
21435
12433
25677
27339
6367
24644
11186
4994
9688
514
18934
1429
27937
19717
30263
8980
9218
2929
10690
10486
23601
11813
18651
11312
31057
28506
26599
26174
27462
18443
17394
22705
18557
7598
15712
14358
9484
3848
8769
23646
4630
29496
14788
17573
27319
13426
13142
